FixedAsID:  21050

FixedAsString:  "C:\Users\Oyviasp\Downloads\ProsjektoppgaveH21\OutFiles\OutputInput\21050_25_groups_1_scen1_0.1_flex_10_sec"

nGammas:  126

nLambdas:  26

GammaFixPre:  [
 1 4  1 1
 1 4  2 1
 1 4  4 1
 1 4  8 1
 1 4  9 1
 1 4 11 1
 1 4 12 1
 1 4 15 1
 1 4 16 1
 1 4 18 1
 1 4 22 1
 1 4 23 1
 1 4 25 1
 1 4 26 1
 1 5  1 1
 1 5  2 1
 1 5  3 1
 1 5  4 1
 1 5  5 1
 1 5  8 1
 1 5 10 1
 1 5 15 1
 1 5 16 1
 1 5 17 1
 1 5 18 1
 1 5 19 1
 1 5 22 1
 1 5 24 1
 1 7  3 1
 1 7  5 1
 1 7  9 1
 1 7 10 1
 1 7 11 1
 1 7 12 1
 1 7 17 1
 1 7 19 1
 1 7 23 1
 1 7 24 1
 1 7 25 1
 1 7 26 1
 2 4  3 1
 2 4  5 1
 2 4 10 1
 2 4 17 1
 2 4 19 1
 2 4 24 1
 2 5  9 1
 2 5 11 1
 2 5 12 1
 2 5 23 1
 2 5 25 1
 2 5 26 1
 2 7  1 1
 2 7  2 1
 2 7  4 1
 2 7  8 1
 2 7 15 1
 2 7 16 1
 2 7 18 1
 2 7 22 1
 3 1  9 1
 3 1 23 1
 3 2  9 1
 3 2 23 1
 3 3  1 1
 3 3  2 1
 3 3  3 1
 3 3  4 1
 3 3  5 1
 3 3  8 1
 3 3  9 1
 3 3 11 1
 3 3 12 1
 3 3 15 1
 3 3 16 1
 3 3 17 1
 3 3 18 1
 3 3 19 1
 3 3 22 1
 3 3 23 1
 3 3 25 1
 3 3 26 1
 3 6  1 1
 3 6  2 1
 3 6  3 1
 3 6  4 1
 3 6  5 1
 3 6  8 1
 3 6  9 1
 3 6 11 1
 3 6 12 1
 3 6 15 1
 3 6 16 1
 3 6 17 1
 3 6 18 1
 3 6 19 1
 3 6 22 1
 3 6 23 1
 3 6 25 1
 3 6 26 1
 4 2 11 1
 4 2 25 1
 5 1  1 1
 5 1  3 1
 5 1  4 1
 5 1  5 1
 5 1  8 1
 5 1 11 1
 5 1 12 1
 5 1 15 1
 5 1 17 1
 5 1 18 1
 5 1 19 1
 5 1 22 1
 5 1 25 1
 5 1 26 1
 5 2  1 1
 5 2  3 1
 5 2  5 1
 5 2  8 1
 5 2 12 1
 5 2 15 1
 5 2 17 1
 5 2 19 1
 5 2 22 1
 5 2 26 1
]

LambdaFixPre:  [
 1 4  1 1
 1 4  2 1
 1 4 15 1
 1 4 16 1
 1 5  1 1
 1 5 15 1
 1 7 11 1
 1 7 25 1
 2 4  5 1
 2 4 10 1
 2 4 19 1
 2 4 24 1
 2 5  9 1
 2 5 12 1
 2 5 23 1
 2 5 26 1
 2 7  1 1
 2 7 15 1
 3 3  1 1
 3 3  2 1
 3 3 15 1
 3 3 16 1
 3 6  1 1
 3 6 15 1
 5 1  1 1
 5 1 15 1
]

